############ polyhedron ############
[22]
0: [-0.06293588, 0.01975025, -0.01966426]
1: [-0.04828048, 0.00512281, -0.02058791]
2: [-0.01881135, 0.02004585, -0.00476606]
3: [-0.00199078, 0.00509069, -0.00491388]
4: [0.01829595, 0.02012348, -0.00492442]
5: [0.04966591, 0.01993476, -0.02038524]
6: [0.06273413, 0.00493217, -0.01975822]

[23]
0: [-0.06290397, 0.01977818, -0.01948678]
1: [-0.04830741, 0.00506475, -0.02049775]
2: [-0.01870297, 0.02013542, -0.00503208]
3: [-0.00209548, 0.00522018, -0.00506779]
4: [0.0184029, 0.0198777, -0.00502473]
5: [0.04951642, 0.01969283, -0.02022311]
6: [0.06276801, 0.00523094, -0.01966776]

[29]
0: [-0.06297187, 0.0197088, -0.01971993]
1: [-0.04836655, 0.00510368, -0.02048833]
2: [-0.01873834, 0.02003886, -0.00486653]
3: [-0.00200141, 0.00525743, -0.00493553]
4: [0.0184296, 0.01994991, -0.00490227]
5: [0.04980658, 0.0199482, -0.02026506]
6: [0.06251948, 0.00499311, -0.01982235]

[21]
0: [-0.06306194, 0.01981296, -0.01982593]
1: [-0.04840135, 0.00525572, -0.02067432]
2: [-0.01868199, 0.01984231, -0.00472618]
3: [-0.00185179, 0.00497719, -0.0046011]
4: [0.01846731, 0.02016128, -0.00486283]
5: [0.04955684, 0.01983482, -0.02060429]
6: [0.06265041, 0.00511572, -0.01970536]

[27]
0: [-0.06299811, 0.01977314, -0.01959548]
1: [-0.04838122, 0.00502663, -0.02065633]
2: [-0.01873146, 0.02008029, -0.00477181]
3: [-0.00194921, 0.00510767, -0.00499521]
4: [0.01834712, 0.02025244, -0.00490739]
5: [0.04958854, 0.01980575, -0.02028492]
6: [0.06280184, 0.00495408, -0.01978886]

[28]
0: [-0.06303805, 0.01984126, -0.01953033]
1: [-0.04846501, 0.00508, -0.02058719]
2: [-0.01865685, 0.02003311, -0.00505714]
3: [-0.00184853, 0.00506614, -0.00489997]
4: [0.01830971, 0.01997548, -0.00487116]
5: [0.04990178, 0.01978873, -0.02046665]
6: [0.06247444, 0.00521529, -0.01958756]

[26]
0: [-0.0630869, 0.01986294, -0.01963071]
1: [-0.04860771, 0.00490439, -0.02058598]
2: [-0.01875638, 0.01998007, -0.00487]
3: [-0.00193605, 0.00537878, -0.00496628]
4: [0.01840136, 0.01998576, -0.0048558]
5: [0.04992138, 0.01985729, -0.02029888]
6: [0.0627418, 0.00503077, -0.01979235]

[20]
0: [-0.06299697, 0.01996388, -0.01972815]
1: [-0.04830569, 0.00490419, -0.02064654]
2: [-0.01891368, 0.02002713, -0.00468208]
3: [-0.00195382, 0.00519424, -0.00489202]
4: [0.01856745, 0.02003363, -0.00481135]
5: [0.04957988, 0.01963145, -0.02052343]
6: [0.06270033, 0.00524549, -0.01971644]


############ curve ############
[50]
0: [-0.06486484, 0.01994585, -0.03600605]
1: [-0.05163007, 0.00520415, -0.02104392]
2: [-0.03031985, 0.0197403, -0.00747288]
3: [-0.01043058, 0.00543909, -0.00202334]
4: [0.01443299, 0.01961615, -0.00203039]
5: [0.03881005, 0.00526548, -0.01105214]
6: [0.05193192, 0.01977923, -0.02126466]
7: [0.06488728, 0.00500974, -0.03649789]

[56]
0: [-0.06521591, 0.01983655, -0.03672916]
1: [-0.05204541, 0.00558381, -0.02005912]
2: [-0.03061142, 0.01981475, -0.0081025]
3: [-0.01073855, 0.00523807, -0.00141016]
4: [0.01436444, 0.01930075, -0.00177078]
5: [0.03885048, 0.00512521, -0.0112162]
6: [0.05259012, 0.0196049, -0.02123118]
7: [0.06562316, 0.00549595, -0.03687215]

[58]
0: [-0.06509901, 0.01989747, -0.03603069]
1: [-0.05182655, 0.0052214, -0.02083854]
2: [-0.0305022, 0.0199301, -0.00779511]
3: [-0.01055658, 0.00530907, -0.00196571]
4: [0.01422821, 0.01968517, -0.00150871]
5: [0.03886921, 0.00514735, -0.01126924]
6: [0.05221235, 0.01982817, -0.02134469]
7: [0.06549147, 0.00498126, -0.03663856]

[57]
0: [-0.06518087, 0.0199874, -0.0361889]
1: [-0.05185934, 0.00513105, -0.02101472]
2: [-0.03047064, 0.01986527, -0.00758704]
3: [-0.01050178, 0.00536628, -0.00174287]
4: [0.0143351, 0.01967378, -0.00163193]
5: [0.03893549, 0.00515322, -0.0111536]
6: [0.05215286, 0.01993125, -0.02126802]
7: [0.06540609, 0.00489175, -0.03680419]

[59]
0: [-0.06511341, 0.02003095, -0.03610494]
1: [-0.05186019, 0.00512793, -0.02119517]
2: [-0.03039076, 0.01974961, -0.00730207]
3: [-0.01047547, 0.00526365, -0.00190963]
4: [0.01458378, 0.01982918, -0.00212558]
5: [0.0388477, 0.00528353, -0.01070377]
6: [0.05204831, 0.0197729, -0.02119896]
7: [0.06517694, 0.00494226, -0.03685113]