1번
[-0.064792, 0.02007088, -0.03588934],
[-0.05185624, 0.00494739, -0.0209923],
[-0.03037648, 0.02009668, -0.00731903],
[-0.01039752, 0.00490238, -0.00199661],
[0.01453041, 0.02005787, -0.00274484],
[0.03896035, 0.0048533, -0.01151582],
[0.05220661, 0.0200041, -0.02107854],
[0.06454177, 0.00506739, -0.03585478],

3번
[-0.06465844, 0.02006634, -0.03621596],
[-0.05184395, 0.00497564, -0.02119025],
[-0.03049133, 0.01994987, -0.00717857],
[-0.01047143, 0.00500969, -0.00159938],
[0.01467413, 0.02008538, -0.00222262],
[0.0390595, 0.00495098, -0.01155428],
[0.05202181, 0.0199804, -0.0212239],
[0.06452661, 0.00498171, -0.03620629],

4번
[-0.06460402, 0.02005821, -0.03615071],
[-0.05189026, 0.00493008, -0.0211903],
[-0.03045273, 0.02008474, -0.0072971],
[-0.01048339, 0.00494525, -0.00157062],
[0.01461198, 0.02002841, -0.00217684],
[0.03910457, 0.00498768, -0.01157253],
[0.05200896, 0.01998065, -0.02121836],
[0.06452179, 0.00498498, -0.0362148],

2번
[-0.06471932, 0.02007628, -0.03616287],
[-0.05180688, 0.00495772, -0.02114829],
[-0.03054396, 0.01999049, -0.00731095],
[-0.01037553, 0.00507112, -0.00161686],
[0.01462224, 0.0199532, -0.0021997],
[0.03898911, 0.00501999, -0.01149084],
[0.05201834, 0.01995679, -0.02117442],
[0.0646329, 0.00497442, -0.03628733],

5번
[-0.06461459, 0.02006862, -0.03613785],
[-0.05190615, 0.0049536, -0.0212155],
[-0.0305126, 0.0200533, -0.00728897],
[-0.01041317, 0.00489216, -0.00154407],
[0.01467447, 0.02009569, -0.002246],
[0.03902179, 0.00497967, -0.01152484],
[0.05202586, 0.01994904, -0.02122244],
[0.06454129, 0.00500793, -0.03621158],