# right
[-0.00538706, -0.03670272, 0.00437801],
[0.00970257, -0.04742658, 0.00403234],
[0.02994988, -0.05139695, 0.00403777],
[0.05154067, -0.04528082, 0.0032369],
[0.0694731, -0.02939228, 0.00290863],
[0.07734684, -0.01303514, 0.00307708],
[0.07828127, 0.00929419, 0.0027717],
[0.0717596, 0.02620511, 0.00299559],
[0.05326513, 0.04464458, 0.00333004],
[0.03440088, 0.05093862, 0.0037629],
[0.01250172, 0.04827563, 0.00409494],
[-0.00526364, 0.03655949, 0.00427516],
[-0.0171765, -0.02501771, 0.01713227],
[-0.00734049, -0.03627547, 0.01707953],
[0.0246043, -0.05086197, 0.01805158],
[0.04452817, -0.04733514, 0.01844099],
[0.06129338, -0.03579531, 0.01881552],
[0.07367279, -0.01469268, 0.01948674],
[0.07167918, 0.02059629, 0.01915552],
[0.05464641, 0.04177604, 0.01876967],
[0.03419431, 0.05026223, 0.01837984],
[0.01251094, 0.04860665, 0.01770466],
[-0.00731751, 0.03639945, 0.0171128],
[-0.01727847, 0.02497431, 0.01699061],


# left
[-0.00530853, 0.03670528, 0.00450656],
[0.00991651, 0.04729552, 0.00427008],
[0.02989983, 0.05129122, 0.00389711],
[0.05166774, 0.0455437, 0.00355185],
[0.06968015, 0.02953123, 0.00317441],
[0.0776402, 0.01311999, 0.00257383],
[0.07856579, -0.00967524, 0.00311748],
[0.0718207, -0.02643761, 0.00306791],
[0.05322226, -0.04474321, 0.00329416],
[0.03448044, -0.05097576, 0.00326973],
[0.01253061, -0.04841208, 0.00392918],
[-0.00540531, -0.03663209, 0.00472187],
[-0.01733685, 0.02492997, 0.01676121],
[-0.00754295, 0.03609373, 0.01748052],
[0.02446655, 0.05075625, 0.01762213],
[0.04442015, 0.04720989, 0.01848281],
[0.06135533, 0.03604676, 0.01876286],
[0.07392909, 0.01499913, 0.01918799],
[0.07144154, -0.02046367, 0.01935277],
[0.05430093, -0.04139981, 0.01882305],
[0.03415692, -0.05011215, 0.01816462],
[0.01234603, -0.04867213, 0.01782269],
[-0.00734349, -0.03639581, 0.01731878],
[-0.01731616, -0.02492293, 0.01686719],